Solution: 648.979513
x_0_86: 1.000000 (86 17.000000)
x_1_69: 1.000000 (172 6.000000)
x_2_57: 1.000000 (263 8.000000)
x_3_77: 1.000000 (386 4.000000)
x_4_25: 1.000000 (437 10.000000)
x_6_89: 1.000000 (707 6.000000)
x_9_81: 1.000000 (1008 6.000000)
x_10_62: 1.000000 (1092 8.000000)
x_11_63: 1.000000 (1196 11.000000)
x_12_24: 1.000000 (1260 15.000000)
x_15_43: 1.000000 (1588 9.000000)
x_16_61: 1.000000 (1709 6.000000)
x_18_82: 1.000000 (1936 12.000000)
x_19_11: 1.000000 (1968 10.000000)
x_20_71: 1.000000 (2131 15.000000)
x_21_73: 1.000000 (2236 4.000000)
x_22_74: 1.000000 (2340 4.000000)
x_24_29: 1.000000 (2501 8.000000)
x_25_55: 1.000000 (2630 5.000000)
x_26_12: 1.000000 (2690 10.000000)
x_27_101: 1.000000 (2882 5.000000)
x_29_68: 1.000000 (3055 11.000000)
x_30_20: 1.000000 (3110 10.000000)
x_31_70: 1.000000 (3263 10.000000)
x_32_90: 1.000000 (3386 6.000000)
x_33_79: 1.000000 (3478 8.000000)
x_34_78: 1.000000 (3580 7.000000)
x_35_65: 1.000000 (3670 13.000000)
x_36_49: 1.000000 (3757 12.000000)
x_37_97: 1.000000 (3908 6.000000)
x_39_56: 1.000000 (4073 7.000000)
x_40_26: 1.000000 (4146 10.000000)
x_43_102: 1.000000 (4531 21.000000)
x_47_36: 1.000000 (4877 10.000000)
x_48_47: 1.000000 (4991 9.000000)
x_49_64: 1.000000 (5111 18.000000)
x_50_1: 1.000000 (5151 8.000000)
x_51_9: 1.000000 (5262 8.000000)
x_52_18: 1.000000 (5374 10.000000)
x_53_58: 1.000000 (5517 6.000000)
x_54_4: 1.000000 (5566 11.000000)
x_55_39: 1.000000 (5704 14.000000)
x_56_75: 1.000000 (5843 5.000000)
x_57_15: 1.000000 (5886 9.000000)
x_58_40: 1.000000 (6014 5.000000)
x_59_92: 1.000000 (6169 3.000000)
x_61_93: 1.000000 (6376 6.000000)
x_62_88: 1.000000 (6474 8.000000)
x_63_32: 1.000000 (6521 8.000000)
x_64_19: 1.000000 (6611 17.000000)
x_65_66: 1.000000 (6761 17.000000)
x_66_51: 1.000000 (6849 15.000000)
x_68_80: 1.000000 (7084 2.000000)
x_69_27: 1.000000 (7134 9.000000)
x_70_30: 1.000000 (7240 7.000000)
x_71_35: 1.000000 (7348 9.000000)
x_72_21: 1.000000 (7437 6.000000)
x_73_2: 1.000000 (7521 9.000000)
x_74_72: 1.000000 (7694 4.000000)
x_75_22: 1.000000 (7747 5.000000)
x_76_50: 1.000000 (7878 7.000000)
x_77_76: 1.000000 (8007 5.000000)
x_78_33: 1.000000 (8067 8.000000)
x_79_3: 1.000000 (8140 5.000000)
x_80_54: 1.000000 (8294 9.000000)
x_81_34: 1.000000 (8377 11.000000)
x_82_48: 1.000000 (8494 7.000000)
x_85_91: 1.000000 (8846 4.000000)
x_86_16: 1.000000 (8874 8.000000)
x_88_31: 1.000000 (9095 5.000000)
x_89_52: 1.000000 (9219 9.000000)
x_90_10: 1.000000 (9280 8.000000)
x_91_100: 1.000000 (9473 4.000000)
x_92_98: 1.000000 (9574 4.000000)
x_93_99: 1.000000 (9678 4.000000)
x_94_96: 1.000000 (9778 4.000000)
x_95_94: 1.000000 (9879 4.000000)
x_96_6: 1.000000 (9894 6.000000)
x_97_95: 1.000000 (10086 3.000000)
x_98_85: 1.000000 (10179 4.000000)
x_99_59: 1.000000 (10256 3.000000)
x_100_37: 1.000000 (10337 4.000000)
x_101_53: 1.000000 (10456 6.000000)
y_0_5: 1.000000 (10614 59.933296)
y_0_7: 1.000000 (10616 100.657836)
y_0_8: 1.000000 (10617 81.584312)
y_0_13: 1.000000 (10622 71.217975)
y_0_14: 1.000000 (10623 29.529646)
y_0_17: 1.000000 (10626 54.332311)
y_0_23: 1.000000 (10632 106.075445)
y_0_28: 1.000000 (10637 103.479467)
y_0_38: 1.000000 (10647 7.211103)
y_0_41: 1.000000 (10650 80.399005)
y_0_42: 1.000000 (10651 47.539457)
y_0_44: 1.000000 (10653 28.425341)
y_0_45: 1.000000 (10654 70.455660)
y_0_46: 1.000000 (10655 90.000000)
y_0_60: 1.000000 (10669 68.876701)
y_0_67: 1.000000 (10676 130.061524)
y_0_83: 1.000000 (10692 72.111026)
y_0_84: 1.000000 (10693 58.821765)
y_0_87: 1.000000 (10696 60.033324)