Solution: 346.153122
x_0_13: 1.000000 (13 14.500000)
x_9_81: 1.000000 (1008 6.000000)
x_11_63: 1.000000 (1196 11.000000)
x_13_95: 1.000000 (1434 6.000000)
x_16_61: 1.000000 (1709 6.000000)
x_18_82: 1.000000 (1936 12.000000)
x_19_11: 1.000000 (1968 10.000000)
x_20_66: 1.000000 (2126 12.000000)
x_29_68: 1.000000 (3055 11.000000)
x_32_20: 1.000000 (3316 14.000000)
x_33_78: 1.000000 (3477 8.000000)
x_34_29: 1.000000 (3531 14.000000)
x_35_71: 1.000000 (3676 9.000000)
x_36_49: 1.000000 (3757 12.000000)
x_37_98: 1.000000 (3909 2.000000)
x_47_36: 1.000000 (4877 10.000000)
x_48_47: 1.000000 (4991 9.000000)
x_49_64: 1.000000 (5111 18.000000)
x_59_96: 1.000000 (6173 4.000000)
x_61_85: 1.000000 (6368 6.000000)
x_63_90: 1.000000 (6579 6.000000)
x_64_19: 1.000000 (6611 17.000000)
x_65_35: 1.000000 (6730 13.000000)
x_66_65: 1.000000 (6863 17.000000)
x_68_80: 1.000000 (7084 2.000000)
x_71_9: 1.000000 (7322 10.000000)
x_78_34: 1.000000 (8068 7.000000)
x_80_102: 1.000000 (8342 23.500000)
x_81_33: 1.000000 (8376 4.000000)
x_82_48: 1.000000 (8494 7.000000)
x_85_93: 1.000000 (8848 4.000000)
x_90_32: 1.000000 (9302 6.000000)
x_91_16: 1.000000 (9389 6.000000)
x_92_37: 1.000000 (9513 4.000000)
x_93_59: 1.000000 (9638 3.000000)
x_95_97: 1.000000 (9882 3.000000)
x_96_18: 1.000000 (9906 15.000000)
x_97_92: 1.000000 (10083 4.000000)
x_98_100: 1.000000 (10194 4.000000)
x_100_91: 1.000000 (10391 4.000000)
y_0_2: 1.000000 (10611 40.311289)
y_0_3: 1.000000 (10612 47.759816)
y_0_5: 1.000000 (10614 37.696154)
y_0_6: 1.000000 (10615 20.518285)
y_0_14: 1.000000 (10623 64.350602)
y_0_17: 1.000000 (10626 56.753854)
y_0_23: 1.000000 (10632 78.236820)
y_0_27: 1.000000 (10636 7.810250)
y_0_39: 1.000000 (10648 74.330344)
y_0_57: 1.000000 (10666 50.009999)
y_0_75: 1.000000 (10684 61.587336)
y_0_76: 1.000000 (10685 34.481879)
y_0_77: 1.000000 (10686 42.720019)
y_0_86: 1.000000 (10695 68.505474)
y_0_94: 1.000000 (10703 23.853721)
y_1_1: 1.000000 (10713 29.410882)
y_1_12: 1.000000 (10724 35.227830)
y_1_22: 1.000000 (10734 59.506302)
y_1_25: 1.000000 (10737 73.355300)
y_1_28: 1.000000 (10740 17.000000)
y_1_30: 1.000000 (10742 48.383882)
y_1_40: 1.000000 (10752 28.301943)
y_1_44: 1.000000 (10756 62.968246)
y_1_45: 1.000000 (10757 53.037722)
y_1_46: 1.000000 (10758 64.845971)
y_1_55: 1.000000 (10767 67.119297)
y_1_58: 1.000000 (10770 23.086793)
y_1_74: 1.000000 (10786 55.072679)
y_1_79: 1.000000 (10791 53.712196)
y_1_87: 1.000000 (10799 39.051248)
y_2_7: 1.000000 (10822 36.069378)
y_2_8: 1.000000 (10823 46.572524)
y_2_10: 1.000000 (10825 46.270941)
y_2_24: 1.000000 (10839 65.122961)
y_2_31: 1.000000 (10846 30.149627)
y_2_38: 1.000000 (10853 84.386018)
y_2_42: 1.000000 (10857 52.810984)
y_2_50: 1.000000 (10865 35.227830)
y_2_52: 1.000000 (10867 16.278821)
y_2_54: 1.000000 (10869 51.546096)
y_2_56: 1.000000 (10871 64.660653)
y_2_67: 1.000000 (10882 94.111636)
y_2_73: 1.000000 (10888 46.141088)
y_2_99: 1.000000 (10914 33.301652)
y_2_101: 1.000000 (10916 6.403124)
y_3_4: 1.000000 (10922 56.400355)
y_3_15: 1.000000 (10933 64.195015)
y_3_21: 1.000000 (10939 42.201896)
y_3_26: 1.000000 (10944 28.653098)
y_3_41: 1.000000 (10959 62.936476)
y_3_43: 1.000000 (10961 70.604532)
y_3_51: 1.000000 (10969 53.413481)
y_3_53: 1.000000 (10971 15.000000)
y_3_60: 1.000000 (10978 31.575307)
y_3_62: 1.000000 (10980 45.310043)
y_3_69: 1.000000 (10987 21.931712)
y_3_70: 1.000000 (10988 39.051248)
y_3_72: 1.000000 (10990 51.039201)
y_3_83: 1.000000 (11001 37.000000)
y_3_84: 1.000000 (11002 44.643029)
y_3_88: 1.000000 (11006 32.695565)
y_3_89: 1.000000 (11007 13.601471)