Solution: 736.000000
x_0_27: 1.000000 (27 5.500000)
x_1_69: 1.000000 (172 6.000000)
x_3_77: 1.000000 (386 4.000000)
x_4_23: 1.000000 (435 15.000000)
x_5_84: 1.000000 (599 5.000000)
x_6_96: 1.000000 (714 6.000000)
x_7_31: 1.000000 (752 13.000000)
x_8_46: 1.000000 (870 13.000000)
x_9_51: 1.000000 (978 8.000000)
x_10_62: 1.000000 (1092 8.000000)
x_11_63: 1.000000 (1196 11.000000)
x_12_76: 1.000000 (1312 8.000000)
x_13_40: 1.000000 (1379 10.000000)
x_14_38: 1.000000 (1480 15.000000)
x_16_61: 1.000000 (1709 6.000000)
x_17_45: 1.000000 (1796 9.000000)
x_18_8: 1.000000 (1862 13.000000)
x_19_47: 1.000000 (2004 11.000000)
x_20_66: 1.000000 (2126 12.000000)
x_22_43: 1.000000 (2309 29.000000)
x_23_67: 1.000000 (2436 12.000000)
x_24_55: 1.000000 (2527 14.000000)
x_25_4: 1.000000 (2579 10.000000)
x_26_54: 1.000000 (2732 13.000000)
x_27_28: 1.000000 (2809 9.000000)
x_28_26: 1.000000 (2910 11.000000)
x_29_24: 1.000000 (3011 8.000000)
x_30_20: 1.000000 (3110 10.000000)
x_31_88: 1.000000 (3281 5.000000)
x_32_90: 1.000000 (3386 6.000000)
x_33_79: 1.000000 (3478 8.000000)
x_34_78: 1.000000 (3580 7.000000)
x_35_34: 1.000000 (3639 12.000000)
x_36_49: 1.000000 (3757 12.000000)
x_38_44: 1.000000 (3958 15.000000)
x_39_56: 1.000000 (4073 7.000000)
x_40_58: 1.000000 (4178 5.000000)
x_43_92: 1.000000 (4521 20.000000)
x_44_86: 1.000000 (4618 11.000000)
x_45_83: 1.000000 (4718 9.000000)
x_46_36: 1.000000 (4774 12.000000)
x_47_48: 1.000000 (4889 9.000000)
x_48_82: 1.000000 (5026 7.000000)
x_49_64: 1.000000 (5111 18.000000)
x_50_1: 1.000000 (5151 8.000000)
x_51_33: 1.000000 (5286 10.000000)
x_52_89: 1.000000 (5445 9.000000)
x_54_68: 1.000000 (5630 11.000000)
x_55_25: 1.000000 (5690 5.000000)
x_56_75: 1.000000 (5843 5.000000)
x_58_101: 1.000000 (6075 10.000000)
x_59_99: 1.000000 (6176 3.000000)
x_60_18: 1.000000 (6198 9.000000)
x_61_5: 1.000000 (6288 9.000000)
x_62_19: 1.000000 (6405 11.000000)
x_63_32: 1.000000 (6521 8.000000)
x_64_11: 1.000000 (6603 17.000000)
x_65_35: 1.000000 (6730 13.000000)
x_66_71: 1.000000 (6869 13.000000)
x_67_39: 1.000000 (6940 14.000000)
x_68_80: 1.000000 (7084 2.000000)
x_69_70: 1.000000 (7177 9.000000)
x_70_30: 1.000000 (7240 7.000000)
x_71_65: 1.000000 (7378 14.000000)
x_72_22: 1.000000 (7438 8.000000)
x_75_72: 1.000000 (7797 7.000000)
x_76_50: 1.000000 (7878 7.000000)
x_77_29: 1.000000 (7960 12.000000)
x_78_81: 1.000000 (8115 8.000000)
x_79_3: 1.000000 (8140 5.000000)
x_80_12: 1.000000 (8252 8.000000)
x_81_9: 1.000000 (8352 6.000000)
x_82_7: 1.000000 (8453 8.000000)
x_83_60: 1.000000 (8609 6.000000)
x_84_17: 1.000000 (8669 7.000000)
x_85_100: 1.000000 (8855 6.000000)
x_86_16: 1.000000 (8874 8.000000)
x_88_52: 1.000000 (9116 10.000000)
x_89_6: 1.000000 (9173 6.000000)
x_90_10: 1.000000 (9280 8.000000)
x_91_14: 1.000000 (9387 9.000000)
x_92_59: 1.000000 (9535 3.000000)
x_93_85: 1.000000 (9664 4.000000)
x_94_13: 1.000000 (9695 6.000000)
x_96_94: 1.000000 (9982 4.000000)
x_99_93: 1.000000 (10290 4.000000)
x_100_91: 1.000000 (10391 4.000000)
x_101_102: 1.000000 (10505 4.500000)
y_0_2: 1.000000 (10611 40.311289)
y_0_15: 1.000000 (10624 64.195015)
y_0_21: 1.000000 (10630 42.201896)
y_0_37: 1.000000 (10646 42.201896)
y_0_41: 1.000000 (10650 62.936476)
y_0_42: 1.000000 (10651 52.810984)
y_0_53: 1.000000 (10662 15.000000)
y_0_57: 1.000000 (10666 50.009999)
y_0_73: 1.000000 (10682 46.141088)
y_0_74: 1.000000 (10683 55.072679)
y_0_87: 1.000000 (10696 39.051248)
y_0_95: 1.000000 (10704 30.016662)
y_0_97: 1.000000 (10706 35.341194)
y_0_98: 1.000000 (10707 41.868843)