Solution: 318.000000
x_0_28: 1.000000 (28 8.500000)
x_3_79: 1.000000 (388 5.000000)
x_9_71: 1.000000 (998 10.000000)
x_11_19: 1.000000 (1152 10.000000)
x_16_91: 1.000000 (1739 6.000000)
x_19_64: 1.000000 (2021 17.000000)
x_20_32: 1.000000 (2092 14.000000)
x_28_80: 1.000000 (2964 15.000000)
x_32_90: 1.000000 (3386 6.000000)
x_34_9: 1.000000 (3511 15.000000)
x_35_65: 1.000000 (3670 13.000000)
x_36_47: 1.000000 (3755 10.000000)
x_37_92: 1.000000 (3903 4.000000)
x_47_48: 1.000000 (4889 9.000000)
x_48_61: 1.000000 (5005 29.000000)
x_49_36: 1.000000 (5083 12.000000)
x_61_16: 1.000000 (6299 6.000000)
x_63_11: 1.000000 (6500 11.000000)
x_64_49: 1.000000 (6641 18.000000)
x_65_66: 1.000000 (6761 17.000000)
x_66_20: 1.000000 (6818 12.000000)
x_71_35: 1.000000 (7348 9.000000)
x_78_34: 1.000000 (8068 7.000000)
x_79_78: 1.000000 (8215 8.000000)
x_80_3: 1.000000 (8243 9.000000)
x_89_102: 1.000000 (9269 8.500000)
x_90_63: 1.000000 (9333 6.000000)
x_91_100: 1.000000 (9473 4.000000)
x_92_96: 1.000000 (9572 5.000000)
x_94_89: 1.000000 (9771 8.000000)
x_96_94: 1.000000 (9982 4.000000)
x_100_37: 1.000000 (10337 4.000000)
y_0_5: 1.000000 (10614 37.696154)
y_0_17: 1.000000 (10626 56.753854)
y_0_18: 1.000000 (10627 25.709920)
y_0_21: 1.000000 (10630 42.201896)
y_0_23: 1.000000 (10632 78.236820)
y_0_24: 1.000000 (10633 65.122961)
y_0_38: 1.000000 (10647 84.386018)
y_0_41: 1.000000 (10650 62.936476)
y_0_43: 1.000000 (10652 70.604532)
y_0_52: 1.000000 (10661 16.278821)
y_0_56: 1.000000 (10665 64.660653)
y_0_87: 1.000000 (10696 39.051248)
y_1_1: 1.000000 (10713 29.410882)
y_1_4: 1.000000 (10716 56.400355)
y_1_8: 1.000000 (10720 46.572524)
y_1_27: 1.000000 (10739 7.810250)
y_1_30: 1.000000 (10742 48.383882)
y_1_55: 1.000000 (10767 67.119297)
y_1_62: 1.000000 (10774 45.310043)
y_1_70: 1.000000 (10782 39.051248)
y_1_73: 1.000000 (10785 46.141088)
y_1_75: 1.000000 (10787 61.587336)
y_1_76: 1.000000 (10788 34.481879)
y_1_81: 1.000000 (10793 56.400355)
y_1_88: 1.000000 (10800 32.695565)
y_1_95: 1.000000 (10807 30.016662)
y_1_98: 1.000000 (10810 41.868843)
y_2_2: 1.000000 (10817 40.311289)
y_2_12: 1.000000 (10827 35.227830)
y_2_25: 1.000000 (10840 73.355300)
y_2_29: 1.000000 (10844 63.788714)
y_2_44: 1.000000 (10859 62.968246)
y_2_50: 1.000000 (10865 35.227830)
y_2_58: 1.000000 (10873 23.086793)
y_2_67: 1.000000 (10882 94.111636)
y_2_72: 1.000000 (10887 51.039201)
y_2_74: 1.000000 (10889 55.072679)
y_2_82: 1.000000 (10897 40.311289)
y_2_86: 1.000000 (10901 68.505474)
y_3_7: 1.000000 (10925 36.069378)
y_3_10: 1.000000 (10928 46.270941)
y_3_31: 1.000000 (10949 30.149627)
y_3_33: 1.000000 (10951 50.803543)
y_3_42: 1.000000 (10960 52.810984)
y_3_45: 1.000000 (10963 53.037722)
y_3_46: 1.000000 (10964 64.845971)
y_3_53: 1.000000 (10971 15.000000)
y_3_57: 1.000000 (10975 50.009999)
y_3_59: 1.000000 (10977 34.713110)
y_3_60: 1.000000 (10978 31.575307)
y_3_68: 1.000000 (10986 47.169906)
y_3_77: 1.000000 (10995 42.720019)
y_3_83: 1.000000 (11001 37.000000)
y_3_85: 1.000000 (11003 44.598206)
y_3_101: 1.000000 (11019 6.403124)
y_4_6: 1.000000 (11027 20.518285)
y_4_13: 1.000000 (11034 24.515301)
y_4_14: 1.000000 (11035 64.350602)
y_4_15: 1.000000 (11036 64.195015)
y_4_22: 1.000000 (11043 59.506302)
y_4_26: 1.000000 (11047 28.653098)
y_4_39: 1.000000 (11060 74.330344)
y_4_40: 1.000000 (11061 28.301943)
y_4_51: 1.000000 (11072 53.413481)
y_4_54: 1.000000 (11075 51.546096)
y_4_69: 1.000000 (11090 21.931712)
y_4_84: 1.000000 (11105 44.643029)
y_4_93: 1.000000 (11114 38.948684)
y_4_97: 1.000000 (11118 35.341194)
y_4_99: 1.000000 (11120 33.301652)