Solution: 560.000000
x_0_101: 1.000000 (101 4.500000)
x_1_69: 1.000000 (172 6.000000)
x_2_87: 1.000000 (293 8.000000)
x_3_77: 1.000000 (386 4.000000)
x_4_54: 1.000000 (466 11.000000)
x_6_89: 1.000000 (707 6.000000)
x_8_45: 1.000000 (869 9.000000)
x_9_81: 1.000000 (1008 6.000000)
x_10_90: 1.000000 (1120 8.000000)
x_14_43: 1.000000 (1485 15.000000)
x_15_57: 1.000000 (1602 9.000000)
x_16_86: 1.000000 (1734 8.000000)
x_17_84: 1.000000 (1835 7.000000)
x_21_73: 1.000000 (2236 4.000000)
x_22_75: 1.000000 (2341 5.000000)
x_23_67: 1.000000 (2436 12.000000)
x_24_29: 1.000000 (2501 8.000000)
x_25_4: 1.000000 (2579 10.000000)
x_29_34: 1.000000 (3021 14.000000)
x_30_10: 1.000000 (3100 10.000000)
x_32_63: 1.000000 (3359 8.000000)
x_33_78: 1.000000 (3477 8.000000)
x_34_35: 1.000000 (3537 12.000000)
x_35_71: 1.000000 (3676 9.000000)
x_37_100: 1.000000 (3911 4.000000)
x_39_55: 1.000000 (4072 14.000000)
x_40_21: 1.000000 (4141 10.000000)
x_43_15: 1.000000 (4444 9.000000)
x_44_14: 1.000000 (4546 8.000000)
x_45_17: 1.000000 (4652 9.000000)
x_47_48: 1.000000 (4889 9.000000)
x_48_82: 1.000000 (5026 7.000000)
x_49_47: 1.000000 (5094 14.000000)
x_50_1: 1.000000 (5151 8.000000)
x_53_58: 1.000000 (5517 6.000000)
x_54_80: 1.000000 (5642 9.000000)
x_55_25: 1.000000 (5690 5.000000)
x_56_23: 1.000000 (5791 9.000000)
x_57_2: 1.000000 (5873 8.000000)
x_58_40: 1.000000 (6014 5.000000)
x_59_99: 1.000000 (6176 3.000000)
x_61_93: 1.000000 (6376 6.000000)
x_63_64: 1.000000 (6553 20.000000)
x_64_49: 1.000000 (6641 18.000000)
x_67_39: 1.000000 (6940 14.000000)
x_68_24: 1.000000 (7028 13.000000)
x_69_70: 1.000000 (7177 9.000000)
x_70_30: 1.000000 (7240 7.000000)
x_71_9: 1.000000 (7322 10.000000)
x_72_74: 1.000000 (7490 4.000000)
x_73_72: 1.000000 (7591 4.000000)
x_74_22: 1.000000 (7644 4.000000)
x_75_56: 1.000000 (7781 5.000000)
x_76_50: 1.000000 (7878 7.000000)
x_77_76: 1.000000 (8007 5.000000)
x_78_79: 1.000000 (8113 8.000000)
x_79_3: 1.000000 (8140 5.000000)
x_80_68: 1.000000 (8308 2.000000)
x_81_33: 1.000000 (8376 4.000000)
x_82_8: 1.000000 (8454 9.000000)
x_84_61: 1.000000 (8713 8.000000)
x_85_91: 1.000000 (8846 4.000000)
x_86_44: 1.000000 (8902 11.000000)
x_87_97: 1.000000 (9058 6.000000)
x_89_102: 1.000000 (9269 8.500000)
x_90_32: 1.000000 (9302 6.000000)
x_91_16: 1.000000 (9389 6.000000)
x_92_37: 1.000000 (9513 4.000000)
x_93_59: 1.000000 (9638 3.000000)
x_94_6: 1.000000 (9688 4.000000)
x_95_94: 1.000000 (9879 4.000000)
x_96_92: 1.000000 (9980 5.000000)
x_97_95: 1.000000 (10086 3.000000)
x_98_85: 1.000000 (10179 4.000000)
x_99_96: 1.000000 (10293 3.000000)
x_100_98: 1.000000 (10398 4.000000)
x_101_53: 1.000000 (10456 6.000000)
y_0_5: 1.000000 (10614 37.696154)
y_0_7: 1.000000 (10616 36.069378)
y_0_11: 1.000000 (10620 61.326992)
y_0_12: 1.000000 (10621 35.227830)
y_0_13: 1.000000 (10622 24.515301)
y_0_18: 1.000000 (10627 25.709920)
y_0_19: 1.000000 (10628 57.801384)
y_0_20: 1.000000 (10629 61.326992)
y_0_26: 1.000000 (10635 28.653098)
y_0_27: 1.000000 (10636 7.810250)
y_0_28: 1.000000 (10637 17.000000)
y_0_31: 1.000000 (10640 30.149627)
y_0_36: 1.000000 (10645 76.400262)
y_0_38: 1.000000 (10647 84.386018)
y_0_41: 1.000000 (10650 62.936476)
y_0_42: 1.000000 (10651 52.810984)
y_0_46: 1.000000 (10655 64.845971)
y_0_51: 1.000000 (10660 53.413481)
y_0_52: 1.000000 (10661 16.278821)
y_0_60: 1.000000 (10669 31.575307)
y_0_62: 1.000000 (10671 45.310043)
y_0_65: 1.000000 (10674 99.403219)
y_0_66: 1.000000 (10675 79.202273)
y_0_83: 1.000000 (10692 37.000000)
y_0_88: 1.000000 (10697 32.695565)