Solution: 5290.652473
x_0_25: 1.000000 (25 122.500000)
x_2_42: 1.000000 (150 145.000000)
x_7_2: 1.000000 (380 45.000000)
x_11_32: 1.000000 (626 1075.000000)
x_12_28: 1.000000 (676 210.000000)
x_13_52: 1.000000 (754 320.000000)
x_14_13: 1.000000 (769 260.000000)
x_16_37: 1.000000 (901 285.000000)
x_17_7: 1.000000 (925 555.000000)
x_20_16: 1.000000 (1096 170.000000)
x_25_12: 1.000000 (1362 245.000000)
x_27_14: 1.000000 (1472 520.000000)
x_28_27: 1.000000 (1539 155.000000)
x_30_20: 1.000000 (1640 265.000000)
x_32_17: 1.000000 (1745 430.000000)
x_37_48: 1.000000 (2046 60.000000)
x_42_30: 1.000000 (2298 325.000000)
x_48_53: 1.000000 (2645 52.500000)
x_52_11: 1.000000 (2819 510.000000)
y_0_5: 1.000000 (2921 142.214627)
y_0_6: 1.000000 (2922 156.604598)
y_0_15: 1.000000 (2931 191.637679)
y_0_18: 1.000000 (2934 890.631798)
y_0_19: 1.000000 (2935 905.220967)
y_0_22: 1.000000 (2938 675.000000)
y_0_23: 1.000000 (2939 828.024758)
y_0_26: 1.000000 (2942 986.724379)
y_0_29: 1.000000 (2945 901.179782)
y_0_31: 1.000000 (2947 877.054730)
y_0_35: 1.000000 (2951 345.579224)
y_0_36: 1.000000 (2952 348.604360)
y_0_38: 1.000000 (2954 173.277235)
y_0_40: 1.000000 (2956 234.360833)
y_0_43: 1.000000 (2959 670.913556)
y_0_44: 1.000000 (2960 357.945527)
y_0_45: 1.000000 (2961 760.016447)
y_0_46: 1.000000 (2962 207.424685)
y_0_50: 1.000000 (2966 691.465834)
y_0_51: 1.000000 (2967 1004.800975)
y_1_1: 1.000000 (2971 585.341781)
y_1_3: 1.000000 (2973 1076.812426)
y_1_4: 1.000000 (2974 265.753645)
y_1_8: 1.000000 (2978 1063.543605)
y_1_9: 1.000000 (2979 1304.003451)
y_1_10: 1.000000 (2980 1166.329713)
y_1_21: 1.000000 (2991 1140.537154)
y_1_24: 1.000000 (2994 91.787799)
y_1_33: 1.000000 (3003 1290.242225)
y_1_34: 1.000000 (3004 315.158690)
y_1_39: 1.000000 (3009 292.617498)
y_1_41: 1.000000 (3011 1071.319280)
y_1_47: 1.000000 (3017 1213.352793)
y_1_49: 1.000000 (3019 511.297369)
